
Pot Pos Time 
1021 179 0 
1020 179 100 
1021 179 200 
1021 179 302 
1022 179 402 
1021 179 503 
1021 179 604 
1021 179 704 
1021 179 805 
947 166 906 
817 143 1006 
685 120 1107 
596 104 1208 
552 97 1308 
512 90 1410 
467 82 1510 
426 74 1610 
412 72 1712 
412 72 1812 
431 75 1912 
495 87 2014 
568 99 2114 
643 113 2214 
711 125 2316 
783 137 2416 
860 151 2516 
927 163 2618 
999 175 2718 
1007 177 2820 
992 174 2920 
1022 179 3020 
1023 180 3122 
1016 178 3222 
1019 179 3323 
936 164 3424 
820 144 3524 
699 122 3625 
651 114 3726 
586 103 3827 
520 91 3928 
441 77 4028 
340 59 4129 
258 45 4230 
204 35 4330 
136 23 4431 
111 19 4532 
60 10 4632 
40 7 4732 
36 6 4834 
41 7 4934 
65 11 5035 
148 26 5135 
220 38 5236 
291 51 5337 
367 64 5437 
430 75 5538 
502 88 5639 
573 100 5739 
637 112 5840 
708 124 5941 
773 136 6042 
855 150 6142 
926 162 6243 
998 175 6344 
1023 180 6445 
1008 177 6545 
1021 179 6646 
1021 179 6747 
1022 179 6848 
1021 179 6948 
1021 179 7050 
1021 179 7150 
1022 179 7250 
1014 178 7352 
935 164 7452 
851 149 7554 
763 134 7654 
676 118 7754 
623 109 7856 
529 93 7956 
461 81 8056 
409 71 8158 
394 69 8258 
519 91 8358 
676 118 8460 
753 132 8560 
816 143 8660 
684 120 8762 
473 83 8862 
441 77 8964 
621 109 9064 
851 149 9164 
835 146 9266 
577 101 9366 
420 73 9466 
452 79 9568 
715 125 9668 
879 154 9768 
904 159 9870 
729 128 9970 
488 85 10071 
395 69 10172 
380 66 10272 
383 67 10374 
543 95 10474 
689 121 10574 
848 149 10676 
926 162 10776 
967 170 10877 
798 140 10978 
558 98 11078 
396 69 11180 
366 64 11280 
404 71 11381 
586 103 11482 
739 130 11582 
893 157 11683 
931 163 11784 
860 151 11885 
718 126 11985 
452 79 12086 
316 55 12187 
215 37 12288 
124 21 12389 
65 11 12489 
12 2 12590 
7 1 12691 
3 0 12791 
1 0 12892 
108 19 12992 
236 41 13093 
376 66 13194 
496 87 13294 
594 104 13395 
723 127 13496 
824 144 13597 
988 173 13698 
1007 177 13798 
984 173 13899 
1023 180 14000 
991 174 14101 
953 167 14201 
792 139 14303 
679 119 14403 
562 98 14503 
446 78 14605 
333 58 14705 
240 42 14807 
154 27 14907 
68 11 15007 
23 4 15109 
0 0 15209 
2 0 15309 
87 15 15410 
291 51 15511 
435 76 15611 
439 77 15712 
192 33 15813 
112 19 15913 
104 18 16015 
329 57 16115 
542 95 16216 
594 104 16317 
281 49 16417 
190 33 16518 
271 47 16619 
538 94 16719 
711 125 16821 
704 123 16921 
398 70 17021 
209 36 17123 
168 29 17223 
413 72 17325 
671 118 17425 
729 128 17525 
531 93 17627 
252 44 17727 
216 38 17827 
328 57 17929 
619 108 18029 
758 133 18130 
694 122 18231 
353 62 18331 
255 44 18433 
320 56 18533 
664 116 18634 
759 133 18735 
426 74 18835 
269 47 18936 
248 43 19037 
561 98 19138 
748 131 19238 
514 90 19339 
261 45 19440 
258 45 19540 
503 88 19641 
775 136 19742 
664 116 19843 
269 47 19944 
232 40 20044 
402 70 20145 
777 136 20246 
679 119 20346 
255 44 20448 
232 40 20548 
436 76 20648 
794 139 20750 
752 132 20850 
515 90 20951 
324 57 21052 
298 52 21152 
289 50 21254 
285 50 21354 
284 49 21454 
285 50 21556 
284 49 21656 
285 50 21756 
284 49 21858 
284 49 21958 
467 82 22060 
743 130 22160 
736 129 22260 
755 132 22362 
768 135 22462 
765 134 22563 
768 135 22664 
425 74 22764 
318 55 22865 
268 47 22966 
292 51 23067 
264 46 23168 
267 46 23268 
264 46 23369 
264 46 23470 
263 46 23570 
264 46 23671 
264 46 23772 
276 48 23873 
374 65 23973 
371 65 24074 
344 60 24175 
414 72 24275 
465 81 24376 
467 82 24477 
467 82 24578 
573 100 24679 
583 102 24779 
582 102 24880 
663 116 24981 
707 124 25081 
714 125 25183 
714 125 25283 
855 150 25383 
871 153 25485 
889 156 25585 
908 159 25687 
1007 177 25787 
1017 178 25888 
1016 178 25989 
1022 179 26090 
1016 178 26190 
1013 178 26291 
940 165 26392 
890 156 26492 
899 158 26594 
895 157 26694 
872 153 26796 
702 123 26896 
645 113 26996 
651 114 27098 
650 114 27198 
579 101 27299 
482 84 27400 
478 84 27500 
477 83 27601 
429 75 27702 
320 56 27803 
267 46 27904 
254 44 28004 
229 40 28105 
137 24 28206 
79 13 28306 
32 5 28407 
26 4 28508 
26 4 28608 
27 4 28709 
144 25 28810 
225 39 28910 
256 45 29011 
260 45 29112 
308 54 29212 
411 72 29314 
437 76 29414 
438 77 29514 
439 77 29616 
499 87 29716 
562 98 29817 
574 100 29918 
577 101 30018 
643 113 30119 
729 128 30220 
755 132 30321 
764 134 30422 
800 140 30522 
895 157 30623 
950 167 30724 
988 173 30825 
1016 178 30925 
1020 179 31027 
1021 179 31127 
1022 179 31228 
1022 179 31329 
1021 179 31429 
930 163 31531 
865 152 31631 
871 153 31732 
867 152 31833 
858 150 31934 
687 120 32034 
591 103 32135 
579 101 32236 
568 99 32336 
509 89 32438 
432 76 32538 
416 73 32638 
413 72 32740 
412 72 32840 
391 68 32941 
252 44 33042 
199 35 33142 
156 27 33244 
145 25 33344 
108 19 33444 
34 5 33546 
4 0 33646 
0 0 33746 
0 0 33847 
1 0 33948 
15 2 34049 
109 19 34149 
237 41 34250 
367 64 34351 
450 79 34451 
511 89 34552 
571 100 34653 
644 113 34753 
721 126 34854 
800 140 34955 
903 158 35056 
990 174 35156 
1023 180 35258 
1023 180 35358 
1022 179 35459 
1021 179 35560 
1022 179 35660 
949 166 35762 
844 148 35862 
728 128 35963 
654 115 36064 
582 102 36165 
487 85 36265 
389 68 36366 
298 52 36467 
207 36 36568 
144 25 36668 
122 21 36769 
106 18 36870 
90 15 36971 
77 13 37071 
64 11 37172 
56 9 37273 
49 8 37373 
43 7 37474 
38 6 37574 
38 6 37676 
38 6 37776 
40 7 37876 
92 16 37978 
196 34 38078 
304 53 38178 
415 73 38280 
511 89 38380 
587 103 38480 
667 117 38582 
770 135 38682 
865 152 38784 
962 169 38884 
976 171 38984 
1023 180 39086 
1017 178 39186 
1022 179 39287 
1022 179 39388 
1021 179 39489 
1011 177 39589 
930 163 39691 
828 145 39791 
728 128 39891 
673 118 39993 
593 104 40093 
524 92 40195 
453 79 40295 
384 67 40395 
311 54 40497 
229 40 40597 
173 30 40698 
97 17 40799 
45 7 40899 
9 1 41000 
2 0 41101 
1 0 41201 
15 2 41302 
94 16 41403 
169 29 41503 
253 44 41604 
330 58 41705 
396 69 41805 
471 82 41906 
562 98 42007 
643 113 42107 
739 130 42209 
818 143 42309 
883 155 42409 
911 160 42511 
983 172 42611 
1016 178 42713 
1023 180 42813 
1021 179 42914 
1020 179 43015 
1021 179 43115 
1022 179 43216 
1022 179 43317 
1021 179 43418 
963 169 43518 
888 156 43620 
816 143 43720 
748 131 43822 
686 120 43922 
617 108 44022 
551 96 44124 
487 85 44224 
431 75 44325 
366 64 44426 
297 52 44526 
236 41 44627 
176 30 44728 
115 20 44828 
49 8 44930 
12 2 45030 
3 0 45130 
0 0 45232 
19 3 45332 
105 18 45432 
204 35 45533 
304 53 45634 
376 66 45734 
453 79 45836 
544 95 45936 
626 110 46036 
727 127 46138 
847 149 46238 
956 168 46340 
988 173 46440 
1023 180 46540 
1023 180 46642 
1021 179 46742 
904 159 46843 
697 122 46944 
647 113 47045 
675 118 47145 
824 144 47246 
807 141 47347 
596 104 47448 
572 100 47549 
736 129 47649 
848 149 47751 
791 139 47851 
594 104 47951 
515 90 48053 
575 101 48153 
770 135 48254 
929 163 48355 
935 164 48455 
855 150 48557 
680 119 48657 
567 99 48758 
497 87 48859 
438 77 48959 
390 68 49060 
340 59 49161 
304 53 49262 
259 45 49362 
220 38 49463 
180 31 49564 
146 25 49665 
131 23 49765 
123 21 49866 
197 34 49967 
311 54 50067 
425 74 50168 
517 90 50269 
578 101 50370 
646 113 50470 
724 127 50571 
809 142 50672 
871 153 50772 
910 160 50874 
937 164 50974 
933 164 51076 
868 152 51176 
764 134 51276 
695 122 51378 
626 110 51478 
557 98 51579 
464 81 51680 
393 69 51780 
326 57 51881 
274 48 51982 
239 42 52082 
211 37 52184 
163 28 52284 
119 20 52385 
65 11 52486 
35 6 52586 
19 3 52687 
23 4 52788 
16 2 52888 
18 3 52988 
104 18 53090 
219 38 53190 
318 55 53291 
414 72 53392 
514 90 53492 
602 105 53594 
698 122 53694 
804 141 53794 
876 154 53896 
962 169 53996 
1006 177 54097 
1016 178 54198 
1023 180 54299 
1020 179 54400 
1011 177 54500 
845 148 54601 
675 118 54702 
508 89 54803 
418 73 54903 
336 59 55005 
255 44 55105 
187 32 55205 
115 20 55307 
45 7 55407 
19 3 55507 
13 2 55609 
74 13 55709 
210 36 55810 
328 57 55911 
449 79 56011 
558 98 56112 
664 116 56213 
773 136 56313 
900 158 56414 
990 174 56515 
1004 176 56615 
1023 180 56717 
1022 179 56817 
1022 179 56919 
1013 178 57019 
866 152 57120 
714 125 57221 
609 107 57321 
535 94 57422 
447 78 57523 
394 69 57624 
394 69 57724 
498 87 57825 
550 96 57926 
551 96 58027 
554 97 58127 
660 116 58228 
782 137 58329 
687 120 58430 
431 75 58530 
427 75 58631 
673 118 58732 
799 140 58832 
606 106 58934 
423 74 59034 
400 70 59134 
661 116 59236 
855 150 59336 
855 150 59438 
547 96 59538 
393 69 59638 
453 79 59740 
782 137 59840 
872 153 59941 
744 130 60042 
438 77 60142 
380 66 60243 
527 92 60344 
896 157 60445 
916 161 60546 
585 102 60646 
401 70 60747 
419 73 60848 
745 131 60949 
924 162 61049 
828 145 61150 
468 82 61251 
372 65 61351 
344 60 61453 
547 96 61553 
855 150 61654 
967 170 61755 
747 131 61855 
413 72 61957 
339 59 62057 
339 59 62157 
332 58 62259 
332 58 62359 
332 58 62459 
331 58 62561 
332 58 62661 
332 58 62763 
331 58 62863 
331 58 62963 
332 58 63065 
331 58 63165 
332 58 63265 
331 58 63367 
331 58 63467 
332 58 63568 
331 58 63669 
332 58 63769 
331 58 63870 
332 58 63971 
332 58 64071 
331 58 64173 
332 58 64273 
332 58 64373 
331 58 64475 
